10
45 9
66 69
11 61
47 22
61 47
87 30
49 29
92 35
1 29
86 4
0 4041 3860 173 1700 2205 416 2885 2336 1706 
4041 0 3089 2570 509 1962 1889 1832 5825 4625 
3860 3089 0 2817 2696 6737 2468 7237 1124 8874 
173 2570 2817 0 821 1664 53 2194 2165 1845 
1700 509 2696 821 0 965 468 1105 3924 2474 
2205 1962 6737 1664 965 0 1445 50 7397 677 
416 1889 2468 53 468 1445 0 1885 2304 1994 
2885 1832 7237 2194 1105 50 1885 0 8317 997 
2336 5825 1124 2165 3924 7397 2304 8317 0 7850 
1706 4625 8874 1845 2474 677 1994 997 7850 0 
