0 1 2 3 4 0 
3098
0 1 2 4 3 0 
1588
0 1 3 2 4 0 
2034
0 1 3 4 2 0 
1890
0 1 4 2 3 0 
1492
0 2 1 3 4 0 
3230
0 2 3 1 4 0 
3134
0 3 1 2 4 0 
1864
0 3 1 4 2 0 
1624
0 3 2 1 4 0 
2832
0 3 2 4 1 0 
1492
0 3 4 2 1 0 
1588
1 0 2 3 4 1 
2858
1 0 2 4 3 1 
1890
1 0 3 2 4 1 
1492
1 0 3 4 2 1 
1588
1 2 0 3 4 1 
2688
1 2 3 0 4 1 
2832
1 2 4 3 0 1 
1588
1 3 0 2 4 1 
1624
1 3 0 4 2 1 
1864
1 3 2 0 4 1 
3134
1 3 2 4 0 1 
2034
1 3 4 2 0 1 
1890
1 4 2 3 0 1 
1492
2 0 1 3 4 2 
1890
2 0 3 1 4 2 
1624
2 1 0 3 4 2 
1588
2 1 3 0 4 2 
1864
2 1 3 4 0 2 
3230
2 3 0 1 4 2 
1492
2 3 1 0 4 2 
2034
2 3 1 4 0 2 
3134
2 4 0 3 1 2 
1864
2 4 1 0 3 2 
1492
2 4 1 3 0 2 
1624
2 4 3 0 1 2 
1588
2 4 3 1 0 2 
1890
3 0 1 2 4 3 
1588
3 0 1 4 2 3 
1492
3 0 2 1 4 3 
2688
3 0 2 4 1 3 
1624
3 0 4 2 1 3 
1864
3 1 0 2 4 3 
1890
3 1 2 0 4 3 
3230
3 1 2 4 0 3 
1864
3 1 4 2 0 3 
1624
3 2 0 1 4 3 
2858
3 2 1 0 4 3 
3098
3 2 1 4 0 3 
2832
3 2 4 1 0 3 
1492
3 4 2 1 0 3 
1588
4 0 3 1 2 4 
1864
4 1 0 3 2 4 
1492
4 1 2 3 0 4 
2832
4 1 3 0 2 4 
1624
4 1 3 2 0 4 
3134
4 2 0 1 3 4 
1890
4 2 0 3 1 4 
1624
4 2 1 0 3 4 
1588
4 2 1 3 0 4 
1864
4 2 3 0 1 4 
1492
4 2 3 1 0 4 
2034
4 3 0 1 2 4 
1588
4 3 1 0 2 4 
1890
4 3 1 2 0 4 
3230
0 1 4 2 3 0 
Minimum cost: 1492
